1.0 612.7875
1.05128205128 608.603205128
1.10256410256 604.418910256
1.15384615385 600.234615385
1.20512820513 596.050320513
1.25641025641 592.715945513
1.30769230769 595.331009615
1.35897435897 597.946073718
1.41025641026 600.561137821
1.46153846154 603.176201923
1.51282051282 604.013942308
1.5641025641 599.519711538
1.61538461538 595.025480769
1.66666666667 590.53125
1.71794871795 586.037019231
1.76923076923 582.940745192
1.82051282051 582.174399038
1.87179487179 581.408052885
1.92307692308 580.641706731
1.97435897436 579.875360577
2.02564102564 570.851963141
2.07692307692 553.571514423
2.12820512821 536.291065705
2.17948717949 519.010616987
2.23076923077 501.730168269
2.28205128205 480.080128205
2.33333333333 455.808333333
2.38461538462 431.536538462
2.4358974359 407.26474359
2.48717948718 382.992948718
2.53846153846 346.790625
2.58974358974 306.611458333
2.64102564103 266.432291667
2.69230769231 226.253125
2.74358974359 186.073958333
2.79487179487 156.653758013
2.84615384615 128.770552885
2.89743589744 100.887347756
2.94871794872 73.0041426282
3.0 45.1209375
